$ANSIBLE_VAULT;1.1;AES256
38656236386537313664663130613234373133306266626261353531313864623237663134613431
3235326531626165666634333234336336346335343937370a626639666134626138333237383661
34653961616135616431323763656561363431363235343461383933633134306137623832346233
3965613763326634610a633639353031363439306461656638313534323063313165393534663862
32626636386331353337316539346565623861386264346330396463316332633231623933343338
63316434386230366664623463386533366633383237343866373435643165316365313932313038
35373462386436663638623361386161323438666163616336616435383131626337353633616463
37636134666537373761326136646661393662376332303034356535316338353462336466373431
32343365643930623661333665323135323433356565646163646664393531376263626431396331
31626266653938343332653538336366363662343866393932356239396562333933393037333738
653461396338623837623866663531656430
